L 100
K 50
N 50
R 20
range(4, 50+2, 2)
2h 24min 43s

[[1.   1.   1.   1.   1.   1.   1.   1.   1.   1.   1.   1.   1.   1.  1.   1.   1.   1.   1.   1.   1.   1.   0.95 0.95]
 [1.   1.   1.   1.   1.   1.   1.   1.   1.   1.   1.   1.   1.   1.  1.   1.   1.   0.95 0.9  0.85 0.65 0.65 0.7  0.5 ]
 [1.   1.   1.   1.   0.95 1.   1.   1.   1.   1.   1.   1.   1.   1.  0.95 1.   0.8  0.85 0.7  0.75 0.7  0.25 0.35 0.25]
 [1.   1.   1.   1.   1.   1.   1.   1.   1.   1.   1.   1.   0.95 0.9  1.   0.95 0.8  0.5  0.4  0.15 0.2  0.25 0.15 0.05]
 [1.   1.   1.   1.   1.   0.95 1.   1.   1.   1.   1.   0.95 0.9  0.9  0.7  0.65 0.5  0.3  0.25 0.   0.1  0.05 0.   0.  ]
 [1.   1.   1.   1.   1.   1.   1.   1.   1.   0.9  0.95 0.8  0.9  0.7  0.55 0.4  0.15 0.05 0.05 0.1  0.   0.   0.   0.  ]
 [1.   1.   1.   1.   1.   1.   0.95 1.   0.95 0.85 0.85 0.55 0.45 0.35  0.25 0.3  0.1  0.1  0.   0.05 0.   0.05 0.   0.  ]
 [1.   1.   1.   1.   1.   0.95 0.95 1.   0.85 0.75 0.45 0.45 0.4  0.25  0.25 0.05 0.05 0.   0.   0.   0.   0.   0.   0.  ]
 [1.   1.   0.95 1.   1.   0.95 0.95 0.85 0.95 0.75 0.45 0.25 0.1  0.05  0.05 0.   0.   0.   0.   0.   0.   0.   0.   0.  ]
 [1.   1.   1.   1.   1.   0.95 0.9  0.9  0.55 0.55 0.4  0.3  0.05 0.1  0.   0.   0.   0.   0.   0.   0.   0.   0.   0.  ]
 [1.   1.   1.   0.95 0.95 0.95 0.9  0.55 0.35 0.3  0.2  0.   0.05 0.  0.   0.   0.   0.   0.   0.   0.   0.   0.   0.  ]
 [1.   1.   1.   1.   0.9  0.65 0.65 0.3  0.35 0.1  0.05 0.1  0.   0.  0.   0.   0.   0.   0.   0.   0.   0.   0.   0.  ]
 [1.   1.   1.   0.95 0.7  0.5  0.6  0.3  0.05 0.05 0.   0.   0.   0.  0.   0.   0.   0.   0.   0.   0.   0.   0.   0.  ]
 [1.   1.   0.95 0.85 0.85 0.35 0.35 0.05 0.   0.05 0.   0.   0.   0.  0.   0.   0.   0.   0.   0.   0.   0.   0.   0.  ]
 [1.   1.   0.9  0.85 0.25 0.15 0.1  0.2  0.   0.   0.   0.   0.   0.  0.   0.   0.   0.   0.   0.   0.   0.   0.   0.  ]
 [1.   0.95 0.7  0.6  0.3  0.3  0.1  0.05 0.   0.   0.   0.   0.   0.  0.   0.   0.   0.   0.   0.   0.   0.   0.   0.  ]
 [1.   0.95 0.65 0.35 0.2  0.   0.   0.   0.   0.   0.   0.   0.   0.  0.   0.   0.   0.   0.   0.   0.   0.   0.   0.  ]
 [1.   0.9  0.7  0.3  0.   0.05 0.05 0.   0.   0.   0.   0.   0.   0.  0.   0.   0.   0.   0.   0.   0.   0.   0.   0.  ]
 [0.95 0.7  0.3  0.15 0.05 0.   0.   0.   0.   0.   0.   0.   0.   0.  0.   0.   0.   0.   0.   0.   0.   0.   0.   0.  ]
 [0.9  0.5  0.2  0.   0.   0.   0.   0.   0.   0.   0.   0.   0.   0.  0.   0.   0.   0.   0.   0.   0.   0.   0.   0.  ]
 [0.9  0.45 0.1  0.1  0.   0.   0.   0.   0.   0.   0.   0.   0.   0.  0.   0.   0.   0.   0.   0.   0.   0.   0.   0.  ]
 [0.8  0.3  0.15 0.   0.   0.   0.   0.   0.   0.   0.   0.   0.   0.  0.   0.   0.   0.   0.   0.   0.   0.   0.   0.  ]
 [0.6  0.25 0.1  0.   0.   0.   0.   0.   0.   0.   0.   0.   0.   0.  0.   0.   0.   0.   0.   0.   0.   0.   0.   0.  ]
 [0.45 0.1  0.   0.   0.   0.   0.   0.   0.   0.   0.   0.   0.   0.  0.   0.   0.   0.   0.   0.   0.   0.   0.   0.  ]]